SYSTEM=Mg, coexistence
LSHIFT=.T.; R1REF=5.5; RL=7.5
NWRITE=0
tipo=eam
IBRION=0
NBLOCK=10
KBLOCK=100
POTIM=1.0  #NEW
POMASS=24.305 
EPSILON = 0.005679; SIGREF = 4.341778; NN = 7.747924; MM = 6.782227; SIG  =  4.053943
NSW=300000
TEBEG=609



